160000	79992	100980	0.3333	0.3333	0.3869	
240000	97768	128260	0.2895	0.2895	0.3483	
320000	115544	155540	0.2653	0.2653	0.3271	
400000	133320	182820	0.2500	0.2500	0.3137	
480000	151096	210100	0.2394	0.2394	0.3044	
560000	168872	237380	0.2317	0.2317	0.2977	
640000	186648	264660	0.2258	0.2258	0.2926	
720000	204424	291940	0.2211	0.2211	0.2885	
800000	222200	319220	0.2174	0.2174	0.2852	

240000	97768	128260	0.2895	0.4490	0.3483	
480000	657768	688260	0.5781	0.7327	0.5891	
720000	697768	728260	0.4922	0.6597	0.5029	
960000	737768	768260	0.4346	0.6058	0.4445	
1200000	777768	808260	0.3933	0.5645	0.4025	
1440000	817768	848260	0.3622	0.5318	0.3707	
1680000	857768	888260	0.3380	0.5052	0.3459	
1920000	897768	928260	0.3186	0.4833	0.3259	
2160000	937768	968260	0.3027	0.4648	0.3095	
2400000	977768	1008260	0.2895	0.4490	0.2958	

17029
5657
11506
13244
36250
51395
42243
60310
90623
114299

1406
111
200
150
679
708
601
775
674
1487
Press ENTER to exit
