931 758 601 730 861
158 470 991 616 21
896 260 369 366 525
209 169 592 348 345
479 363 907 827 434
646 215 899 801 149
160 120 118 38 503
13 722 210 47 517
995 850 984 346 348
338 307 281 250 468
193 606 795 486 922
568 850 773 296 215
942 570 189 466 860
775 142 330 863 512
487 959 544 830 349
629 378 561 479 96
338 934 648 332 956
553 324 631 115 934
162 948 914 832 575
425 660 518 486 572
195 977 418 738 981
234 62 964 136 293
189 289 294 200 876
8 921 856 510 306
451 510 214 928 349
539 44 711 255 924
968 860 74 906 900
360 516 910 351 721
491 360 495 822 745
873 653 714 956 566
503 804 7 179 121
685 762 490 388 442
189 350 708 211 324
329 214 387 299 515
491 11 504 788 814
90 15 391 182 476
885 330 755 688 421
164 852 894 785 215
597 26 521 909 532
141 651 284 498 415
658 266 414 440 74
491 299 219 364 30
670 371 307 912 556
858 594 20 789 160
477 320 602 84 917
465 489 595 255 673
439 731 893 767 817
619 915 315 613 930
864 632 529 755 544
226 718 609 352 673
546 631 494 338 937
338 664 330 522 608
1 704 963 691 591
939 478 540 94 937
942 279 406 859 296
845 790 846 539 691
747 880 242 581 127
807 236 554 829 479
955 585 792 4 928
159 669 838 163 605
748 178 514 415 731
266 225 634 41 92
548 817 790 831 861
121 462 381 564 783
702 923 710 615 981
357 487 401 931 136
176 951 683 933 943
568 365 826 850 860
582 601 512 736 930
138 794 961 143 807
697 287 274 380 903
824 468 899 434 374
779 823 703 905 916
596 134 857 888 292
755 635 530 703 200
100 410 973 684 843
562 526 258 124 439
888 677 302 30 118
100 465 392 476 81
758 898 607 820 334
4 937 72 850 51
61 756 570 179 802
413 494 215 591 811
253 565 579 466 28
918 831 826 769 192
289 242 54 622 441
202 803 153 349 838
624 453 407 72 377
132 106 122 227 704
605 250 801 664 827
193 318 141 792 415
172 111 303 658 761
819 702 948 738 599
610 341 865 752 187
800 158 506 89 895
812 708 598 65 586
39 441 389 794 248
883 661 360 934 666
512 149 749 311 558
430 158 384 628 93
264 384 49 476 27
35 812 51 896 603
463 512 238 71 722
377 312 153 489 716
949 981 931 86 674
650 408 195 531 465
653 324 970 971 322
654 392 912 767 213
71 609 464 330 202
0 911 677 589 180
117 4 895 912 144
283 453 963 801 376
626 617 520 430 949
139 542 266 749 67
985 399 386 275 644
339 516 600 884 674
738 730 605 350 348
648 428 58 826 39
201 428 110 390 587
454 89 33 380 62
458 645 928 521 194
717 618 619 267 805
766 852 79 127 637
896 11 170 82 301
710 483 439 709 866
556 288 995 688 190
250 483 219 821 216
93 801 83 155 630
29 809 790 21 273
348 349 983 752 690
442 918 951 79 351
974 205 218 655 638
428 623 930 77 555
283 632 257 910 544
94 928 14 451 271
901 692 418 436 517
206 305 242 997 747
331 531 140 469 241
888 583 428 517 201
406 878 713 465 989
715 92 73 208 596
514 904 500 808 450
282 786 782 137 431
123 381 933 329 224
751 492 787 668 655
511 499 497 249 865
22 978 952 446 802
114 232 33 401 233
426 31 332 19 959
102 800 290 85 78
24 945 384 241 238
223 304 404 553 85
14 407 250 942 427
303 833 335 335 316
891 347 532 95 797
720 160 768 708 553
710 209 411 170 840
77 594 711 208 579
810 827 480 315 219
19 780 389 592 656
268 465 955 769 187
676 413 288 443 517
63 536 695 999 375
805 996 79 101 349
709 122 126 756 506
63 867 216 876 778
939 770 175 52 284
244 254 641 983 163
664 305 267 690 515
274 131 480 940 413
23 701 288 242 947
146 338 198 263 123
809 196 412 665 578
292 360 643 715 130
550 354 96 937 685
403 854 436 240 231
931 386 276 462 754
238 482 933 104 137
906 55 378 859 354
467 893 602 112 223
913 488 765 809 863
669 605 350 556 543
292 902 958 31 192
423 920 949 910 340
810 427 538 577 223
495 975 236 583 218
510 251 324 17 318
443 620 466 599 85
633 131 376 561 845
4 96 347 667 930
547 943 691 771 412
486 949 188 586 368
693 368 766 338 32
40 578 941 713 748
802 453 349 824 707
679 51 977 731 219
398 628 569 652 670
566 559 552 605 831
494 432 880 231 391
264 364 37 528 804
425 155 633 918 128
93 594 867 64 732
434 971 456 366 969
65 799 114 667 465
480 26 336 881 254
369 573 118 432 442
314 13 448 926 793
243 994 650 524 577
972 692 487 872 396
522 976 513 261 326
465 250 369 63 324
399 819 752 664 759
519 475 434 622 417
421 522 529 572 726
71 148 590 90 493
787 538 463 484 731
393 59 857 106 977
64 643 385 602 394
423 242 986 765 57
497 258 865 454 975
999 446 940 534 255
317 660 279 569 536
861 355 267 933 365
459 618 328 645 353
777 137 927 178 302
829 162 825 32 995
529 673 9 508 731
946 119 322 851 660
403 364 815 66 533
68 974 53 399 597
878 930 220 100 198
862 519 762 231 426
155 835 247 574 6
187 346 759 201 419
340 296 477 984 949
413 321 860 645 234
854 108 425 434 116
599 453 908 310 868
427 356 90 424 505
568 117 241 59 345
721 215 851 980 257
582 453 235 150 785
541 658 116 997 571
46 409 812 457 407
734 438 448 333 991
984 206 52 479 381
295 80 801 300 512
639 257 445 177 534
146 217 757 525 327
768 240 92 853 458
158 304 784 652 610
283 766 518 988 273
376 400 755 769 489
460 857 816 484 931
789 964 635 923 261
517 680 922 5 223
743 113 198 21 222
991 296 148 689 229
873 738 456 904 157
745 462 988 36 866
911 424 608 922 669
194 669 860 391 93
602 843 512 765 529
263 202 734 546 497
164 708 126 255 58
50 507 730 765 515
54 692 886 138 311
319 505 276 351 28
322 435 757 596 626
29 226 691 375 894
542 728 441 538 702
202 297 352 863 619
686 938 95 875 38
909 956 373 453 209
758 925 382 517 175
729 951 530 629 28
824 816 355 871 972
326 251 348 436 108
22 152 412 732 342
384 340 882 557 716
72 852 237 165 135
617 345 924 362 973
251 767 723 835 794
870 582 223 902 712
658 608 937 345 187
605 512 650 175 791
388 68 973 912 955
972 579 190 735 355
981 327 985 463 857
254 429 577 937 471
801 116 979 845 58
464 915 892 977 530
105 695 748 571 584
182 793 810 879 822
290 391 488 547 730
331 622 473 488 932
175 934 712 703 989
272 89 128 854 490
56 687 212 204 250
285 578 413 879 674
461 619 697 114 180
409 627 432 114 726
841 441 404 44 354
170 982 44 582 311
93 665 955 388 765
603 178 283 296 445
752 208 594 813 471
556 237 598 522 579
644 656 14 128 649
615 283 168 850 79
303 534 831 567 580
795 663 308 348 577
230 344 135 668 973
633 847 590 573 798
932 384 521 2 666
437 651 827 739 150
320 10 433 217 142
218 377 26 233 676
893 928 249 945 348
300 520 345 154 15
768 692 594 51 146
918 12 828 901 142
144 835 568 198 256
220 911 918 526 754
255 821 356 897 905
4 134 576 654 366
917 306 673 723 382
627 415 381 70 223
206 548 125 90 531
57 359 51 689 128
388 601 818 400 760
947 336 697 146 142
783 436 174 534 225
838 162 844 816 628
804 529 848 303 547
706 695 265 365 848
644 83 886 525 977
315 487 272 963 434
291 718 235 927 439
770 374 590 865 693
894 515 235 60 324
859 753 515 852 53
251 70 332 298 498
700 549 648 556 910
350 889 881 381 336
86 293 920 863 777
332 104 400 671 953
129 848 825 201 118
562 972 420 909 183
220 385 937 429 739
221 725 34 954 343
4 633 853 724 237
565 832 651 75 721
146 670 660 344 369
851 723 446 437 348
377 469 971 198 115
700 356 491 123 556
606 70 445 328 948
495 994 101 963 553
729 320 345 188 36
550 724 592 59 887
497 278 596 606 965
535 662 655 608 537
208 340 528 519 114
76 224 332 396 873
857 621 482 884 618
57 123 783 161 565
976 763 431 235 58
327 473 839 363 412
832 338 493 426 344
389 792 826 73 960
326 391 196 185 30
875 795 712 987 908
412 879 494 42 560
444 908 292 460 786
602 384 969 983 41
518 128 55 540 229
264 297 709 200 238
584 567 245 205 182
531 761 851 455 0
953 844 450 866 899
480 500 365 287 357
941 422 212 144 511
747 739 172 758 643
115 170 293 804 976
877 663 86 278 255
841 533 514 983 87
674 677 189 640 749
763 931 422 843 296
161 354 100 694 434
791 588 92 811 885
783 551 646 889 22
816 413 87 31 516
408 907 229 57 837
70 550 531 9 879
183 748 450 507 814
522 562 392 843 463
252 440 703 97 303
122 31 300 618 932
350 843 390 326 887
253 125 43 856 364
241 57 83 931 701
35 101 138 74 499
254 21 244 568 263
968 204 131 753 714
39 249 913 77 529
340 357 123 619 560
396 519 535 479 221
195 356 771 396 268
21 892 225 118 677
328 599 821 63 919
49 994 289 142 324
992 143 5 402 360
677 977 518 513 102
735 485 764 347 68
611 433 734 484 692
146 23 794 399 200
741 536 60 700 511
402 229 393 154 229
51 351 368 35 590
44 373 711 15 942
843 834 473 995 307
615 259 804 449 177
968 349 605 201 619
141 917 818 2 699
505 91 610 118 16
260 64 699 893 648
773 312 778 457 357
906 62 65 392 896
143 424 943 976 260
702 745 167 415 449
126 554 709 316 436
751 223 355 978 47
550 560 910 801 404
656 571 148 844 712
78 851 426 105 556
81 148 634 857 314
515 897 283 444 521
218 602 462 21 606
682 707 86 344 345
583 513 142 572 604
130 596 323 702 371
274 128 603 759 355
603 589 497 664 532
652 277 466 279 185
53 108 127 237 29
370 765 81 760 973
567 5 61 253 183
918 574 580 72 247
90 999 702 666 3
93 210 422 812 692
306 46 863 386 550
22 469 85 672 1
509 47 843 786 787
597 527 243 480 613
78 697 394 32 95
54 405 461 234 936
160 342 268 67 667
520 141 675 703 161
449 488 907 71 737
43 155 916 878 405
565 966 942 199 614
608 652 831 290 495
616 8 850 736 840
167 778 776 119 267
455 852 540 319 164
590 789 323 294 52
899 489 582 829 371
194 400 69 453 58
868 310 384 207 544
440 637 170 230 570
264 379 796 611 949
713 425 622 35 23
819 329 537 238 596
126 425 21 364 646
766 709 323 61 398
145 467 333 774 723
952 619 92 724 788
519 693 971 880 658
768 777 33 429 239
538 773 146 610 418
15 616 805 583 803
554 55 735 212 804
245 91 848 311 71
200 236 813 449 76
433 454 141 706 878
988 675 894 822 860
372 320 723 356 708
335 813 508 920 233
464 958 758 75 412
676 929 722 357 39
302 960 696 533 985
560 475 99 705 814
878 161 912 352 431
925 368 492 603 735
387 727 892 216 612
474 695 65 294 201
59 953 536 783 557
412 623 190 370 147
859 713 803 105 354
302 45 406 644 486
308 437 119 622 651
575 67 480 920 510
864 410 804 503 755
925 625 129 794 19
301 177 121 455 875
673 924 787 861 310
429 289 420 807 893
622 834 914 131 982
344 143 270 860 282
449 909 299 349 429
677 915 611 624 185
130 316 663 746 978
650 279 619 610 80
575 989 996 610 133
90 711 998 812 674
157 907 260 172 426
763 625 437 431 632
513 678 796 621 763
306 171 168 152 331
65 524 659 779 707
459 912 688 216 338
965 917 799 949 27
222 55 490 319 214
25 841 187 977 566
897 193 374 846 827
919 543 845 480 609
633 247 480 465 967
851 936 221 93 667
595 878 846 593 540
250 680 848 937 306
223 337 682 212 809
265 537 842 389 418
422 72 318 340 394
974 574 25 352 363
89 620 93 310 971
18 347 780 306 576
239 694 907 174 386
295 565 268 655 701
314 94 831 674 244
523 559 505 199 566
676 655 496 574 216
602 243 372 241 791
918 756 535 813 179
727 164 144 954 98
409 306 369 651 49
995 789 419 65 447
458 841 581 740 899
583 198 333 957 783
52 193 26 864 782
557 558 17 494 516
358 414 551 100 156
370 286 845 525 220
813 823 306 794 332
76 174 795 914 595
529 831 187 170 46
215 279 505 868 491
437 771 924 548 89
43 290 481 583 528
297 352 807 736 970
228 886 232 531 705
383 762 103 898 987
526 227 380 54 941
90 780 976 33 783
41 898 757 705 288
786 693 212 385 298
176 24 450 200 817
329 47 973 162 108
675 668 26 561 562
816 910 427 641 438
516 375 773 953 928
329 128 526 243 918
689 549 717 600 810
502 777 179 236 612
42 807 814 925 108
373 872 196 142 472
876 266 570 947 781
800 250 497 271 488
200 521 729 243 418
125 950 425 750 59
38 730 191 29 395
709 561 848 844 555
457 932 384 771 42
423 978 770 819 9
252 279 907 748 412
521 77 570 506 982
422 447 446 83 433
146 75 541 551 72
239 402 652 715 31
267 137 958 201 995
147 180 606 740 807
758 822 442 617 873
631 991 341 862 133
9 486 300 338 896
348 437 218 747 770
850 627 192 717 144
384 119 368 511 835
241 840 705 275 674
323 632 923 677 440
247 60 789 582 21
781 836 620 305 646
709 962 859 969 957
131 630 725 473 489
511 623 830 26 891
169 780 25 663 572
716 514 540 306 523
789 837 609 695 362
548 499 63 864 126
279 981 735 318 543
693 906 449 188 929
624 230 762 690 852
0 811 956 732 930
195 422 552 446 167
293 20 29 110 941
12 560 965 900 612
187 45 706 120 879
809 64 351 377 899
559 74 919 843 361
737 542 330 933 930
856 429 289 150 249
672 876 339 247 916
63 264 861 77 664
955 104 836 853 120
130 70 175 546 608
218 101 186 749 204
469 229 31 970 755
758 755 556 870 206
933 725 104 460 835
294 213 841 179 405
632 706 477 812 799
786 253 742 541 31
571 690 589 43 446
834 232 891 321 906
200 547 965 646 187
405 966 715 711 314
5 259 6 343 571
763 752 218 170 969
504 13 15 839 635
242 135 61 13 1
61 321 519 272 205
85 740 830 625 394
819 538 30 227 26
311 683 246 472 683
82 13 721 351 402
186 532 126 11 944
270 905 701 710 252
684 739 734 137 485
23 921 593 776 149
966 982 788 813 324
559 889 589 330 919
47 599 168 870 19
552 613 819 680 123
914 836 320 974 341
571 949 108 986 659
160 420 945 202 435
203 744 313 687 385
381 315 371 791 205
84 571 863 118 933
409 102 913 652 235
129 662 813 471 752
609 780 603 670 758
627 654 966 434 815
807 300 132 294 742
598 464 529 769 257
0 85 989 52 250
58 507 293 966 306
541 930 842 934 775
600 712 701 32 577
430 605 428 303 125
109 969 618 909 636
665 132 44 213 752
523 790 550 419 700
120 361 999 128 273
876 457 197 518 142
885 762 496 191 827
394 656 686 926 141
88 888 383 330 640
408 886 628 182 252
809 162 282 331 456
68 606 300 30 249
651 772 99 766 750
902 636 853 386 357
866 104 623 277 612
231 977 668 487 864
990 829 15 266 333
723 480 165 734 758
787 356 655 677 490
316 789 616 580 738
772 33 242 824 385
704 538 4 718 225
91 938 812 165 258
821 756 832 433 26
422 470 118 627 570
510 449 945 787 296
441 360 87 749 91
957 586 190 881 628
184 475 446 509 667
849 543 489 419 668
559 957 183 553 316
301 914 614 254 874
255 593 217 422 783
730 850 63 74 300
235 566 950 805 842
946 24 609 960 720
966 959 526 119 737
484 177 533 433 790
43 971 936 6 373
591 258 23 725 936
998 480 415 118 433
993 6 378 711 369
277 305 654 533 908
295 66 97 685 299
553 316 630 283 257
263 629 943 431 250
687 0 883 23 721
485 543 407 686 743
477 798 822 63 513
737 317 402 98 77
524 160 338 426 383
682 850 131 861 169
363 63 946 460 681
276 422 631 812 422
752 659 411 941 821
754 494 566 770 520
945 227 845 354 726
527 662 456 639 39
635 412 546 516 380
414 852 361 382 236
315 686 589 675 325
865 748 397 605 629
187 283 360 341 223
135 217 591 734 154
613 966 991 773 786
340 112 895 560 406
901 132 184 534 204
259 637 169 29 860
778 265 850 10 851
352 51 205 292 244
197 260 627 227 623
348 694 816 888 984
752 853 836 198 727
55 98 826 136 964
497 47 562 873 376
348 115 981 921 434
288 907 603 315 209
640 505 956 910 856
564 820 280 44 107
924 428 652 282 796
254 224 69 328 746
149 698 753 851 274
233 713 895 454 696
845 250 520 988 86
549 141 915 279 399
677 766 517 766 451
919 463 699 125 179
64 837 274 568 60
942 752 105 636 622
851 925 826 348 261
674 908 663 195 246
112 308 789 928 69
382 180 986 400 355
770 13 769 275 632
7 975 951 928 144
797 36 279 657 548
751 940 169 504 777
11 799 504 878 67
755 48 346 499 677
761 765 705 281 852
837 156 550 716 253
698 956 735 50 449
75 29 131 380 318
442 11 482 622 344
970 509 890 207 877
959 628 452 250 383
31 331 998 804 710
595 389 452 250 78
54 64 453 429 991
725 916 966 180 235
749 283 82 937 882
327 265 343 839 294
69 503 484 667 418
744 31 327 669 723
52 559 231 544 289
905 56 461 215 151
43 662 272 15 633
747 249 61 922 383
329 46 613 956 8
550 580 785 10 247
694 589 296 457 182
190 51 537 647 976
270 803 127 687 251
407 231 468 34 670
495 970 404 286 393
6 945 275 535 738
325 271 450 968 457
453 365 814 833 443
696 711 413 946 112
525 918 925 704 601
318 111 751 340 752
723 185 10 64 175
244 776 2 908 650
999 353 159 230 797
41 417 635 590 974
783 556 457 173 867
88 19 570 933 420
213 519 110 215 733
268 354 750 657 198
919 708 504 296 112
172 758 695 907 560
901 476 160 366 968
167 727 837 196 87
224 205 69 488 436
480 243 943 496 529
686 666 978 392 54
75 52 161 60 694
329 324 663 372 518
737 358 743 247 566
540 517 553 569 973
714 639 15 859 632
929 815 199 377 874
234 498 768 311 893
115 566 776 502 757
900 541 696 970 698
121 499 696 929 989
168 113 408 418 339
435 36 301 427 765
514 124 286 498 283
239 589 431 353 451
973 740 51 812 72
172 943 45 160 510
429 118 269 388 705
121 90 350 971 458
78 264 348 736 243
776 255 197 686 459
531 67 342 478 15
427 62 595 345 167
492 990 141 917 335
395 855 898 793 162
149 239 459 895 372
708 392 314 569 296
916 746 358 701 978
361 776 791 372 277
58 494 4 804 965
88 123 431 401 847
921 357 403 524 309
292 607 446 105 306
35 748 26 49 250
746 631 440 938 973
619 63 525 515 103
655 235 655 929 284
585 960 913 721 375
559 342 834 391 686
753 329 685 65 241
310 467 954 553 219
456 682 493 427 227
857 831 887 421 653
56 952 516 821 721
74 835 304 674 691
404 797 48 251 219
290 378 460 274 792
187 280 101 710 827
902 467 485 494 518
727 454 413 737 630
801 812 864 343 167
475 162 280 862 815
659 634 241 207 936
478 370 613 628 466
775 851 806 993 818
607 349 809 156 963
949 383 310 621 418
478 513 116 106 317
24 0 238 894 168
268 225 278 557 39
356 840 785 271 854
949 5 871 525 559
126 353 124 899 865
275 324 620 788 458
965 254 506 311 441
775 612 911 824 550
382 70 252 117 606
109 598 38 767 468
472 642 591 547 191
671 876 339 28 893
943 604 489 99 73
102 333 474 830 78
337 93 47 974 177
55 100 6 293 756
676 285 853 319 986
323 662 959 119 769
898 273 883 931 606
777 581 152 43 503
775 124 207 688 131
378 595 616 369 136
570 869 45 271 216
658 751 170 112 750
439 374 354 61 180
63 210 116 367 400
474 947 963 789 981
551 78 164 188 607
728 45 589 983 198
29 227 611 714 948
25 410 40 292 63
401 770 146 508 67
168 479 249 969 662
623 905 256 290 665
580 586 981 505 22
394 784 370 863 150
836 599 401 419 374
63 907 670 726 579
781 931 656 120 439
248 796 619 321 575
123 971 320 48 368
438 429 534 270 669
617 399 282 357 231
569 77 829 594 598
715 235 529 711 883
648 930 861 65 773
597 164 49 288 27
864 278 353 51 936
634 373 400 56 962
381 649 298 889 870
171 967 25 722 860
888 441 609 165 719
507 567 469 496 72
452 350 994 330 366
290 724 778 658 964
342 834 473 748 501
999 631 971 195 601
630 139 326 428 138
423 669 187 331 428
66 903 903 984 509
31 654 967 522 579
447 188 366 757 517
53 968 860 663 720
875 596 273 895 442
313 23 566 192 943
621 536 446 230 898
438 931 488 238 470
344 664 449 615 154
441 772 569 910 85
454 808 524 610 552
469 630 8 542 196
7 88 775 578 958
911 741 136 858 79
121 479 621 192 376
211 146 658 741 0
540 454 656 106 489
813 11 836 677 428
808 923 946 41 462
256 888 870 657 242
699 636 710 830 963
975 186 331 234 340
323 971 267 541 656
553 432 669 89 145
899 905 458 429 271
198 533 579 729 120
323 275 1 498 301
904 743 825 142 514
626 679 602 336 105
836 655 404 385 909
824 219 781 511 343
793 177 280 559 765
441 606 602 113 17
47 970 768 240 752
809 606 526 575 518
219 303 122 324 435
542 129 194 820 295
104 493 489 155 507
726 463 266 377 72
19 77 488 319 57
865 887 163 633 99
217 692 206 993 123
490 55 956 123 222
312 412 781 818 913
553 481 613 732 25
346 339 148 502 499
142 814 802 266 570
655 965 561 721 78
411 287 495 32 16
671 507 143 155 759
607 296 670 406 504
383 274 431 607 752
877 544 703 493 981
675 252 689 553 567
347 851 60 739 501
266 985 580 716 354
839 196 993 742 891
845 144 395 762 186
381 534 953 968 200
866 584 1 51 341
418 817 589 588 412
756 236 930 904 238
397 693 715 253 913
680 551 960 602 135
531 857 927 366 185
813 897 91 539 635
682 983 529 375 935
21 607 404 330 135
609 214 491 524 789
688 819 699 54 519